t_n_CR3BP = 3.467622949281189
x_n_CR3BP = [1.102866098413080;0.000000000000000;0.000000000000000;0.000000000000000;0.259155907029058;0.000000000000000]
